0 00000000
9
0 00200001
9
0 00400002
9
0 00600003
9
0 00800000
9
0 00A00001
9
0 00C00002
9
0 00E00003
9
8
1 00000000
9
1 00200001
9
1 00400002
9
1 00600003
9
1 00800000
9
1 00A00001
9
1 00C00002
9
1 00E00003
9
8
0 2123450
0 4123450
0 6123450
0 8123450
0 A123450
0 C123450
0 E123450
0 0123450
0 2123450
0 4123450
0 6123450
0 8123450
0 A123450
0 C123450
0 E123450
0 0123450
0 2123450
0 4123450
0 6123450
0 8123450
0 A123450
0 C123450
0 E123450
0 0123450
0 1123450
0 3123450
0 5123450
0 7123450
0 9123450
0 b123450
0 d123450
0 f123450
9
8
5 1246
9
8
0 6000040
3 6000040
3 1234
9
8
0 1239
6 1239
0 1234
6 1234
9
1 60
9
6 60
9
6 1235
9
1 1231
9
4 1231
9
0 1234
9
4 1234
9
2 1231
9
4 1231
9
4 1243
9
8
0 00000000
0 00200001
0 00400002
0 00600003
0 00800000
0 00A00001
0 00C00002
0 00E00003
9
0 01000000
9
0 01600001
9
0 01200002
9
0 01800001
9
0 02800001
9
0 02A00002
9
0 03000001
9
0 04000003
9
1 01200002
9
1 01800001
9
1 02800001
9
1 02A00002
9
1 03000001
9
1 00800000
9
0 00000000
9
0 00200001
9
0 00400002
9
0 00600003
9
0 01800000
9
0 00A00001
9
0 00C00002
9
0 05600001
9